2042
-1
2115
-1
-1
1807
2111
1272
1569
2074
1496
-1
-1
-1
2317
3814
1826
1330
2550
2653
-1
1569
-1
1683
1315
-1
1381
3409
-1
3277
1359
2719
1544
-1
2911
1225
-1
1666
-1
3706
-1
-1
1219
2009
1305
-1
2609
3106
1346
-1
2373
2077
1347
2085
-1
-1
0
1765
2799
2349
1437
-1
-1
-1
-1
2070
2726
2458
2354
1482
0
2939
0
-1
0
-1
1868
2518
-1
2156
-1
0
2985
-1
-1
2840
2302
1233
-1
2107
-1
-1
2659
2261
2277
-1
199
2920
1296
-1
1492
765
1920
794
990
2003
-1
-1
1497
1648
0
2894
2076
3329
1582
-1
940
-1
2787
-1
-1
1217
-1
1420
3247
-1
2115
-1
1699
-1
-1
1246
-1
2929
2456
2924
983
1584
2628
-1
2509
1497
1721
-1
0
-1
2171
3433
2910
2728
2624
-1
1509
2509
2561
-1
3183
-1
2033
-1
1690
1793
-1
2150
2099
2401
2410
1514
-1
-1
-1
1509
-1
-1
1542
-1
-1
-1
1784
1148
1270
1431
2645
-1
2641
2322
1931
-1
-1
-1
-1
-1
1615
1461
-1
2467
-1
-1
3177
-1
1994
3190
-1
2002
1307
-1
-1
0
-1
-1
1593
229
-1
-1
-1
1796
-1
-1
-1
2281
-1
730
-1
3591
1933
-1
2875
3114
2898
2860
379
1488
2710
1263
-1
-1
-1
-1
2728
1988
3309
3122
-1
1142
2308
2062
1868
-1
2878
-1
3206
-1
-1
2344
3175
879
800
2025
2382
-1
1617
-1
-1
544
-1
2133
-1
1116
3016
-1
2334
842
-1
2405
2022
1348
1786
3581
-1
-1
-1
1633
3405
3007
-1
2065
-1
-1
3737
-1
1084
-1
1277
2853
1814
2458
2050
2284
-1
-1
2264
2457
-1
-1
1186
1547
2498
2184
1051
2301
-1
874
812
1076
-1
-1
2907
-1
2285
-1
1908
1407
2458
3255
-1
1022
493
-1
1804
-1
-1
0
1238
-1
1030
-1
3255
-1
2205
-1
-1
-1
1221
-1
-1
-1
-1
1484
-1
-1
2720
2039
-1
690
2050
-1
2112
-1
-1
-1
2944
-1
929
2050
3138
-1
2689
1743
-1
-1
-1
-1
2002
-1
2803
2207
1889
2741
-1
-1
-1
2171
-1
2380
-1
1569
-1
899
-1
307
-1
3246
3305
-1
2429
1631
1786
3626
-1
1459
2287
-1
-1
0
2161
3058
2255
1367
2007
1392
-1
1740
-1
-1
-1
3219
-1
827
3
1151
-1
2363
2208
946
1157
2208
1289
722
1900
1094
1313
2250
2465
944
-1
1921
821
1747
1100
379
1490
1336
1003
1338
1057
253
893
1311
2385
1921
672
1196
1737
157
1711
1663
405
1333
1453
1744
2041
1061
1178
845
1340
1190
933
822
744
562
-1
1124
2379
1653
1541
1747
-1
2401
-1
-1
997
1450
677
712
2077
1101
898
3157
600
1390
1487
2319
64
670
1491
1694
1581
1397
-1
1803
1945
883
2239
2311
-1
1304
1092
455
1058
1423
-1
-1
2815
1054
1583
1321
2752
508
795
1351
883
1055
-1
0
2144
1526
1465
907
1259
0
652
1746
-1
1322
0
1328
2233
-1
2036
777
980
868
609
1693
2196
1607
-1
1548
1193
1584
1450
1166
920
1675
1267
1570
-1
-1
-1
-1
-1
-1
-1
-1
-1
-1
-1
-1
-1
-1
-1
-1
-1
-1
-1
-1
-1
-1
-1
-1
-1
-1
-1
-1
-1
-1
-1
-1
-1
-1
-1
-1
-1
-1
-1
-1
-1
-1
-1
-1
-1
-1
-1
-1
-1
-1
-1
-1
-1
-1
-1
-1
-1
-1
-1
465
-1
-1
-1
-1
-1
-1
-1
-1
-1
-1
-1
-1
-1
-1
-1
-1
-1
-1
-1
-1
-1
-1
-1
-1
-1
-1
-1
-1
-1
-1
-1
-1
-1
-1
-1
-1
-1
-1
-1
-1
-1
-1
-1
-1
-1
-1
-1
-1
-1
-1
-1
-1
-1
-1
-1
-1
-1
-1
-1
-1
-1
-1
-1
-1
-1
-1
-1
-1
-1
-1
-1
-1
-1
-1
-1
-1
-1
-1
-1
-1
-1
-1
-1
-1
-1
741
-1
-1
-1
-1
-1
-1
-1
-1
-1
-1
-1
-1
-1
-1
-1
-1
-1
-1
-1
-1
-1
-1
-1
-1
-1
-1
-1
-1
-1
-1
-1
-1
-1
-1
-1
-1
-1
-1
-1
-1
-1
-1
-1
-1
-1
-1
-1
-1
-1
-1
-1
-1
-1
-1
-1
-1
-1
-1
-1
-1
-1
-1
-1
-1
-1
-1
-1
-1
-1
-1
-1
-1
-1
-1
-1
-1
-1
-1
-1
-1
-1
0
-1
-1
-1
524
-1
-1
-1
-1
-1
-1
-1
-1
-1
-1
-1
-1
-1
-1
0
-1
-1
-1
-1
-1
-1
-1
-1
-1
-1
-1
-1
-1
-1
-1
-1
-1
-1
-1
-1
-1
-1
-1
0
-1
-1
-1
-1
-1
-1
-1
-1
-1
-1
-1
-1
-1
-1
-1
-1
-1
-1
-1
-1
-1
-1
-1
-1
-1
-1
-1
-1
-1
-1
-1
-1
-1
-1
-1
-1
-1
-1
-1
-1
-1
-1
-1
-1
-1
-1
-1
-1
-1
-1
-1
-1
-1
-1
-1
-1
-1
-1
-1
-1
-1
-1
-1
-1
-1
-1
-1
-1
-1
-1
-1
-1
-1
-1
-1
-1
-1
-1
-1
-1
-1
-1
-1
-1
-1
-1
-1
-1
-1
-1
-1
-1
-1
535
-1
-1
-1
-1
-1
-1
-1
-1
-1
-1
-1
-1
-1
-1
-1
-1
-1
-1
-1
-1
0
-1
-1
-1
-1
978
-1
-1
-1
-1
-1
-1
-1
-1
-1
-1
-1
-1
502
-1
-1
-1
-1
-1
-1
-1
-1
-1
-1
-1
-1
-1
-1
-1
-1
-1
-1
-1
-1
-1
-1
-1
-1
-1
-1
-1
-1
-1
-1
-1
-1
-1
-1
-1
-1
-1
-1
-1
-1
-1
-1
-1
-1
-1
-1
-1
-1
-1
-1
-1
-1
-1
-1
-1
-1
-1
-1
-1
-1
-1
-1
-1
-1
-1
-1
-1
-1
-1
-1
-1
-1
-1
-1
-1
-1
-1
-1
-1
-1
-1
-1
-1
-1
-1
0
-1
-1
-1
-1
-1
-1
-1
-1
-1
-1
0
-1
-1
-1
-1
-1
-1
-1
-1
-1
-1
-1
-1
-1
-1
-1
-1
-1
-1
-1
-1
-1
-1
-1
-1
-1
-1
-1
-1
-1
-1
-1
-1
-1
-1
-1
-1
-1
-1
-1
-1
-1
-1
-1
-1
-1
-1
-1
-1
-1
-1
0
-1
-1
-1
-1
-1
-1
-1
-1
-1
-1
-1
-1
-1
-1
-1
-1
-1
-1
-1
-1
-1
-1
-1
-1
-1
-1
-1
-1
-1
-1
-1
-1
-1
-1
-1
-1
-1
-1
-1
-1
-1
-1
-1
-1
-1
-1
-1
-1
-1
-1
-1
-1
-1
-1
-1
-1
-1
-1
-1
-1
-1
-1
-1
-1
-1
-1
-1
568
-1
-1
-1
535
-1
-1
-1
-1
-1
-1
-1
-1
-1
-1
-1
-1
-1
-1
-1
-1
-1
-1
-1
-1
-1
-1
-1
-1
-1
-1
-1
-1
-1
-1
-1
-1
-1
-1
-1
-1
-1
-1
-1
-1
-1
-1
-1
-1
-1
-1
-1
-1
-1
-1
-1
-1
-1
-1
-1
-1
-1
-1
-1
-1
-1
-1
-1
-1
-1
-1
-1
-1
-1
-1
-1
-1
-1
-1
-1
-1
-1
-1
-1
-1
-1
-1
-1
-1
-1
328
-1
-1
-1
-1
3324
-1
-1
167
-1
-1
-1
0
-1
-1
-1
-1
-1
-1
-1
-1
-1
-1
1884
-1
0
-1
-1
-1
-1
-1
-1
-1
-1
-1
-1
-1
-1
-1
-1
-1
-1
-1
-1
-1
529
-1
-1
-1
-1
-1
-1
-1
-1
-1
167
-1
-1
529
-1
-1
-1
-1
-1
2549
-1
-1
-1
-1
-1
970
-1
-1
-1
-1
-1
-1
-1
0
-1
-1
-1
-1
-1
-1
-1
-1
2987
-1
-1
-1
-1
-1
-1
-1
-1
-1
-1
-1
-1
20
-1
-1
0
-1
-1
-1
-1
-1
-1
-1
-1
970
1628
-1
1721
-1
2646
2997
186
1844
1690
3504
1671
992
1917
1820
1357
1782
2041
0
2353
1363
1480
-1
3361
2675
1425
2540
-1
1413
1621
2771
0
2495
1146
3211
1469
2540
2465
1914
2345
-1
1293
787
4056
2287
3420
831
0
1876
-1
1626
2459
1017
2548
0
2759
948
2151
1491
1769
1920
1361
1438
-1
-1
3192
-1
3055
493
2860
1680
-1
1986
-1
1483
1134
3303
-1
-1
1611
2323
2411
-1
2597
2223
-1
1263
1384
1871
2105
2273
3000
-1
868
1682
-1
2855
856
1865
3244
3350
2147
2597
2562
1593
1820
2681
-1
1646
1909
1844
2429
-1
621
2246
-1
2180
955
3120
1551
1007
2602
1708
2334
1128
-1
1856
-1
969
60
3164
1642
1630
1837
1970
3024
1713
2677
2074
513
-1
-1
999
2057
-1
1394
1332
2278
-1
1938
2619
0
1194
1445
923
1578
2157
2229
309
493
1756
766
916
1365
770
1545
2912
2147
2300
1628
4225
2283
2986
1280
1130
1756
2562
879
-1
1154
-1
1956
2642
2454
-1
1114
2572
1360
1476
3191
2656
1293
2767
2833
-1
-1
1915
2753
2121
1651
1201
3674
3662
2171
425
-1
2418
464
522
2626
-1
1814
1581
2025
2647
1862
-1
-1
2423
4419
2191
1871
1493
1856
1094
2873
2465
1978
875
2047
-1
102
152
2597
-1
1844
3303
3604
1082
1679
2915
-1
1077
4056
2338
1716
2438
2362
-1
1484
2041
1377
4013
852
370
1807
1201
2547
-1
1259
1757
-1
708
1713
2528
3183
2771
-1
-1
734
1864
-1
-1
1870
1622
2100
1935
983
1842
2527
297
2495
2704
1496
1663
2676
1099
1180
-1
1412
1878
2761
1367
2642
-1
2338
2901
2418
-1
1217
737
341
-1
752
2552
-1
-1
1570
2537
0
1007
983
1895
1698
1264
2333
202
1859
2937
1969
1980
1756
936
1100
1751
-1
1128
1264
2416
-1
2105
2771
367
-1
-1
565
919
1524
1138
2163
2207
-1
2115
217
2317
1145
2051
2435
1602
-1
341
1989
-1
2499
2873
3393
2270
2558
-1
-1
4419
767
-1
-1
2269
-1
-1
2102
631
3192
-1
1451
1614
2360
812
2242
1698
2147
2341
-1
2698
1119
2353
2039
812
-1
1145
-1
1408
2527
1687
2347
1224
1689
1591
285
722
-1
2181
2217
-1
3421
1240
-1
1514
1972
748
1931
2268
2098
2761
2125
1225
1993
602
1487
2994
-1
-1
2688
1591
2188
-1
1843
-1
971
2686
3977
1079
-1
1990
1361
-1
1031
1864
-1
2774
3053
-1
-1
-1
-1
1927
1226
1692
536
318
225
1937
2062
1115
2377
331
1626
1822
2036
3155
1629
1127
-1
1072
1148
3093
511
0
1250
1302
-1
2253
2411
2263
1872
-1
3322
1394
0
1705
3253
1562
1642
1629
295
2121
722
2197
-1
1804
848
2872
902
1815
-1
1274
1725
3004
-1
2429
1288
1250
2100
1069
-1
1301
-1
1064
2013
2443
0
964
2638
3760
-1
3442
-1
2191
254
542
-1
2361
1357
1478
-1
1513
3421
1281
2022
1931
1638
1380
-1
-1
1745
224
3396
1019
1680
3942
-1
2852
1550
2339
1689
1763
974
1725
-1
2429
2073
1366
1381
1680
-1
1937
1116
1937
3155
1545
870
1972
2342
3562
1263
2370
1804
1428
1940
1281
2805
1902
0
-1
2144
-1
1949
1834
3184
-1
2145
-1
1753
-1
-1
1927
1478
0
1822
-1
2725
1443
-1
2400
2363
2062
3297
-1
1095
247
-1
1873
2418
2022
1885
997
-1
-1
1605
2999
1857
1987
0
2280
-1
658
705
974
1725
3252
2949
2253
-1
1393
1725
2412
-1
154
-1
1518
758
-1
-1
2252
1425
2094
3249
2279
2025
1182
3344
-1
3252
1337
2284
3227
2098
4624
1330
700
2525
-1
1424
2561
1639
722
1980
3053
-1
848
2218
3605
-1
-1
2146
1232
1700
-1
2549
2146
3093
2062
-1
1307
-1
1233
186
-1
2987
761
1666
2648
2242
3765
799
1874
1274
2541
-1
331
1116
2119
1727
-1
445
0
1723
2756
880
2513
3249
2418
-1
3499
941
2881
1985
1263
-1
1666
827
1595
1104
1428
2688
2339
1514
1502
2421
2187
566
-1
2446
2098
945
330
2837
1725
1814
1712
3760
1596
1027
2686
389
448
838
2489
1969
2132
1425
1947
3155
2263
2784
1606
2268
-1
1361
-1
1639
933
2877
2841
3565
-1
1404
2157
-1
1216
3127
3004
1287
669
-1
1995
1714
1434
1560
1937
2460
2616
2742
2094
1822
665
1088
2025
2735
1610
844
619
1575
1149
1076
1342
1408
453
798
900
1922
1627
1159
2368
2412
1361
1151
1480
1023
468
2880
928
1326
986
1895
3007
517
755
1882
873
3069
1427
2492
1068
2196
1052
1218
912
1382
1203
2087
806
1459
2128
2177
1603
1171
976
1448
197
1832
1552
293
1328
1906
293
474
1125
917
1002
1428
529
1005
1666
1524
833
1533
2052
1678
468
1254
973
906
2565
1686
1754
730
1361
679
924
1064
0
0
2272
929
1478
622
1189
1152
1370
2218
1538
1552
1724
1514
1935
1064
1126
1475
403
1660
1939
658
1005
0
941
1087
1882
1147
1998
1069
1530
2023
808
1305
1895
648
1117
922
1826
1268
611
919
1894
925
1830
1227
1867
1968
1550
1058
823
1330
506
2420
2493
760
1698
1617
679
1408
364
0
922
978
579
769
1157
1176
1152
1088
1922
908
1478
784
299
1147
1927
1000
1987
531
656
418
1186
1062
327
1404
79
477
3261
856
730
1329
226
1703
902
1603
1079
1443
976
1540
1338
1414
602
941
374
0
2066
1749
182
1121
629
856
886
2196
482
1183
495
1607
1500
1987
1980
477
1915
1404
1754
1941
1005
978
1712
926
890
1416
2031
390
3210
2740
1102
2135
0
705
659
314
1186
941
1060
1514
1921
1153
781
885
261
1573
1076
2079
1064
1182
856
1199
960
941
1363
2120
571
2369
886
235
2239
1268
1259
957
2038
1152
1058
0
436
526
1654
1712
1409
885
919
403
348
2130
1496
1331
1309
1751
609
2947
934
208
1826
181
2177
976
852
1854
1806
1088
1998
2740
856
1827
1695
1611
1151
602
477
1555
575
489
1558
833
0
2011
837
2225
2372
1600
1496
933
1186
344
1600
2435
1220
1000
1749
2190
2238
800
531
732
782
941
1987
1323
2823
2468
2079
1980
1927
556
475
1534
546
1953
1208
633
2609
285
1312
1516
523
673
1949
1493
784
738
658
941
2119
1548
926
976
1014
601
1322
1644
1500
1064
1651
912
1363
779
1553
1043
617
1470
904
833
2337
1224
956
2557
285
1390
2239
1654
2031
285
869
291
1198
833
1035
1017
495
1273
1002
1532
1611
0
1077
453
1136
1262
517
2947
0
1871
608
1549
2460
1452
1654
2092
1166
331
1017
655
2170
331
1107
2146
1848
113
548
382
418
782
671
1962
998
1224
497
2052
348
1517
1475
1291
1524
2823
506
745
1763
1156
730
1149
1035
2211
1627
1981
1463
2393
1414
1138
1553
2939
1719
860
1218
969
1204
1443
1848
348
1062
2634
1219
908
1166
1401
1377
1921
1935
671
1524
0
1968
1549
1143
1946
1922
1652
1651
810
564
1379
1184
845
1756
1724
1660
784
579
1174
1323
760
1551
2011
1611
856
1312
1404
1738
904
896
3090
900
904
1962
1666
2244
1863
786
2092
1000
1322
235
669
1749
1894
1363
696
1555
609
1353
1186
350
956
671
2168
830
1607
2740
897
2087
197
1496
2946
1576
886
1887
548
1737
957
1107
1726
926
902
2211
1184
1330
1561
833
1890
1554
284
639
2740
314
3090
0
1615
1382
831
1600
1827
1516
1938
1935
1530
1604
1737
499
2877
2083
2107
374
837
1548
1941
890
1931
546
922
1941
1826
570
2128
1896
1109
1946
1678
782
158
830
1273
1629
806
1224
1134
648
1229
924
434
2539
856
2104
1326
2011
1927
579
475
1644
1629
782
522
653
1535
575
1703
237
2477
1636
798
551
1493
617
1922
973
1003
2146
1023
904
491
745
942
1681
1125
1224
2203
2168
2135
672
952
976
0
1199
1802
1826
1459
856
1220
2374
546
1380
806
671
2023
572
807
1953
1204
1717
1050
2477
2038
683
1862
0
361
765
1600
1440
2361
1637
779
1828
1686
2135
1121
1074
1258
899
1548
459
2361
517
1549
633
2025
1149
1735
113
1652
1138
1361
1229
495
1366
1962
884
468
231
682
1179
1695
900
1526
619
830
546
1102
1871
1615
709
0
1037
1208
1366
1243
900
841
2460
1933
724
1945
2539
2170
1737
1838
2502
2244
730
1077
1719
900
1962
829
1062
1674
1363
1886
840
1717
2740
1077
703
658
1456
1751
181
523
398
1786
3007
679
1485
2392
594
1149
197
837
956
963
782
1184
2177
806
808
1611
327
1153
1712
1280
852
760
1603
1323
1312
1945
2051
1508
237
800
1603
1961
567
1921
1254
1830
1719
1946
1247
1624
1600
1717
1117
398
784
806
1176
1005
1136
1927
1493
2225
2111
815
1425
1654
1219
881
0
905
963
1962
1395
2
609
1882
526
1404
299
1123
1252
1000
1000
2000
810
1719
976
1232
1064
902
599
730
1717
633
1268
1032
633
1166
1906
1145
2750
782
0
2557
1217
1360
1102
2052
602
594
2468
1157
1058
1774
619
334
611
0
2051
622
896
1408
3069
499
928
0
314
1485
2120
910
960
658
1277
1603
1538
2130
1908
2239
1543
564
608
1558
1617
2058
1517
1171
197
1399
922
2239
572
328
780
1545
934
208
1317
1021
1898
2880
1595
1938
1468
1749
784
1060
926
709
851
1957
982
671
1625
79
3077
1200
1968
683
963
798
1208
1615
2170
1930
1600
1548
2066
1183
781
987
987
1440
434
711
784
1404
1008
1551
2337
0
545
949
1072
419
1935
885
1208
1079
703
0
1769
468
1219
1838
1751
0
1424
1125
0
624
1320
1157
1530
784
619
2168
1390
1503
1360
2239
575
3792
2643
-1
722
-1
-1
1925
935
626
-1
1609
1927
-1
1974
2904
3718
1046
-1
1925
3195
302
-1
3595
-1
2837
-1
2668
-1
775
953
-1
-1
2096
2801
1570
1650
4839
972
1525
2879
-1
2635
963
2576
2041
2451
3703
-1
2156
-1
1974
2945
-1
949
3468
1357
3811
-1
-1
-1
2165
0
-1
-1
2089
1525
934
1682
3008
2955
1219
-1
-1
4248
-1
-1
1851
-1
3029
1851
-1
2119
-1
963
-1
3041
3496
-1
561
2451
1424
2631
1238
2245
2318
2787
2372
2076
1991
2970
1682
2149
2801
2791
2329
912
-1
0
2148
2323
-1
-1
-1
2543
677
625
3295
1570
2741
839
1192
1984
2611
-1
2511
2858
-1
935
2019
3085
3022
2816
2256
-1
18
-1
1897
1253
3729
-1
2794
2334
2066
-1
732
2999
2762
3331
2050
3730
2162
1424
3416
2405
3840
3908
2857
1207
1999
-1
2952
1928
-1
2486
2302
-1
4180
1942
2551
1920
-1
2033
1599
-1
1220
2222
3754
4308
2633
2776
4308
3667
2688
2879
-1
3315
1131
2302
1415
2194
1646
-1
2854
2439
1478
1202
2665
-1
2854
-1
3268
1957
3529
-1
2879
542
3493
3061
968
2499
1964
2066
3266
0
2945
2405
416
4186
2308
-1
810
-1
847
2161
1145
4144
-1
1249
-1
2156
-1
-1
4144
-1
876
3098
2029
-1
-1
2280
1828
-1
0
-1
2499
1325
3006
-1
2033
-1
-1
3811
1196
564
-1
2668
436
2663
1041
3137
3561
3621
2519
3048
1942
1455
3529
564
-1
1799
2997
3718
3164
3609
2563
2175
2342
-1
3137
1010
2338
2042
0
868
953
3349
3769
-1
2945
2281
3535
2668
-1
594
2612
3195
3946
1692
-1
3273
839
1825
2563
802
786
-1
1735
1817
2137
-1
3048
3324
2423
3793
2574
-1
158
2442
-1
2908
3318
1926
-1
2915
-1
0
881
3587
3196
2288
3946
1576
-1
1799
3051
1559
1010
416
2302
2860
1373
0
2129
-1
2447
3665
3475
-1
2984
830
-1
0
1811
-1
1638
2280
-1
2193
2556
-1
-1
2916
1834
2404
1629
1683
1364
1650
2908
3037
-1
941
4214
3314
4219
2004
-1
2302
2793
1525
2269
1761
-1
3257
3400
2927
1760
-1
1974
2794
2745
-1
1872
2127
1290
-1
3475
3703
2643
2881
839
1358
392
1478
2405
1748
1865
2405
2342
972
1806
1726
1980
1288
1220
3072
3665
3498
727
723
1789
-1
924
2378
1929
3595
-1
-1
1957
3428
1688
-1
2127
0
1769
-1
2372
2691
2361
-1
1424
2447
-1
1576
-1
1760
2302
3483
2192
-1
2635
2552
2908
2004
2665
-1
953
3811
-1
3416
2451
3496
2643
1928
4182
1801
-1
1514
3118
-1
2046
2029
1219
-1
1455
1106
2037
-1
2098
1925
649
3121
0
2041
1843
1173
2883
1709
1421
2561
833
1041
-1
2720
1249
2390
-1
3047
2313
2503
3792
-1
-1
-1
3008
3599
-1
1834
2076
2447
2997
2384
-1
3118
2858
2797
1173
1698
830
1747
2650
-1
972
3468
3595
1997
2281
1761
912
-1
2913
2423
3315
4192
802
3468
1963
2574
1361
3751
-1
0
839
2037
2042
868
1106
-1
3686
-1
2597
2793
1769
3890
2999
1730
2706
-1
1650
1709
1925
605
-1
3164
1112
-1
2026
2164
2917
-1
-1
4192
-1
3103
2695
1957
923
3732
-1
2650
2390
2066
3466
2785
2668
-1
359
1744
1707
2380
2256
3582
2647
-1
912
-1
2098
2419
2048
2643
1450
359
1264
-1
-1
1410
2342
3865
3314
2635
3421
-1
3266
-1
2511
-1
73
2883
2563
1095
2478
359
3103
3083
3157
1125
2609
-1
-1
2083
1239
2156
1288
1942
934
3811
3802
-1
1983
-1
-1
-1
2970
2237
1698
2864
3256
1843
1964
2879
-1
1935
2797
1928
2383
4090
2029
1273
4248
594
3399
-1
-1
4227
3038
2415
2650
-1
3349
3587
-1
1591
2537
2787
1830
2269
2643
-1
833
2556
-1
1980
1760
1273
866
-1
1997
3493
-1
2934
2776
1656
-1
-1
-1
956
2857
0
-1
1810
677
1000
1963
-1
-1
3567
888
3498
-1
-1
638
3582
2574
3544
3903
-1
3475
2793
2029
605
866
2013
2159
3136
4210
638
3475
2997
1101
3018
866
2864
1761
3622
2318
953
3811
-1
2425
1122
4118
2842
0
1211
2329
912
1046
1983
1818
2334
1565
3718
1663
-1
1811
2906
3416
-1
1834
2232
-1
732
2123
-1
1928
1451
-1
0
1078
3900
-1
1512
1793
-1
1997
2245
2047
3369
4290
2638
720
2945
3304
3072
-1
2254
-1
3037
3052
2781
2380
-1
2269
240
-1
1273
-1
2076
-1
2160
2483
2300
2913
-1
1828
1211
-1
-1
2787
4308
2948
912
2384
3265
3880
876
1959
0
4381
1716
-1
959
2315
3665
-1
627
2384
2576
-1
2245
2503
1695
-1
1817
2916
3811
-1
1668
1914
2955
0
3195
1211
1692
4126
-1
2695
3475
2816
4219
3498
-1
169
2035
1217
1131
3756
-1
-1
-1
3022
2094
1921
3293
2323
2313
1288
4381
1822
302
-1
2362
-1
2741
3180
732
3679
1756
978
3314
1521
2336
1370
2336
2561
1421
944
2483
3756
3159
1656
2484
2628
334
3192
2083
-1
2608
158
-1
-1
2368
334
2695
2146
1196
1747
1866
-1
1218
-1
3983
2300
-1
3561
1999
-1
953
2534
-1
-1
3717
-1
1682
3799
1217
-1
4182
-1
4363
1514
1847
1930
1935
2054
-1
2561
4210
0
1851
-1
2913
1543
0
2451
1290
2679
3098
-1
2291
1758
3969
2499
1303
-1
1525
1688
-1
2441
2970
-1
3587
-1
2843
2763
1833
-1
1526
-1
2854
2563
1297
1933
1828
-1
1119
-1
470
-1
890
-1
-1
3144
-1
-1
-1
2121
-1
-1
-1
-1
1702
1702
615
2129
1022
1319
211
685
1417
1417
871
1091
-1
-1
-1
-1
-1
-1
1994
2363
-1
-1
-1
-1
-1
2484
1008
980
-1
-1
-1
-1
-1
-1
-1
-1
470
-1
-1
443
1797
3464
-1
720
-1
1529
439
-1
1479
-1
454
-1
-1
-1
0
-1
-1
-1
-1
1091
561
-1
-1
-1
-1
-1
1573
-1
-1
-1
2299
-1
-1
1405
-1
1797
-1
365
-1
1654
-1
2644
632
-1
-1
1572
-1
-1
-1
-1
-1
-1
-1
-1
1723
1479
1149
-1
-1
2128
-1
980
871
0
-1
-1
927
-1
-1
-1
-1
3421
1119
3096
1412
0
-1
2193
0
1414
-1
-1
1091
-1
-1
-1
-1
-1
-1
401
696
-1
-1
-1
471
1712
2714
-1
2625
2398
0
-1
-1
443
1065
-1
1704
-1
-1
2405
-1
-1
890
-1
-1
-1
-1
1951
-1
-1
1339
2935
-1
-1
-1
1221
-1
-1
-1
-1
-1
1419
2644
-1
1466
-1
1984
708
-1
2731
-1
885
-1
627
-1
-1
-1
602
1491
-1
2033
539
-1
-1
-1
2227
-1
2185
2381
1579
-1
-1
-1
-1
-1
-1
-1
-1
1477
1008
-1
-1
-1
2154
1936
1058
2734
1015
190
-1
-1
-1
1529
-1
0
-1
1276
-1
-1
1951
-1
401
2907
211
-1
-1
1399
-1
2672
3100
3287
-1
4203
-1
3275
-1
-1
7196
2788
4189
-1
2486
0
2407
1004
-1
2750
4745
3285
1571
1938
0
1942
-1
2319
4927
-1
-1
-1
224
-1
-1
3514
2971
-1
3419
-1
-1
-1
-1
3302
-1
-1
-1
-1
2089
-1
1003
-1
1870
-1
-1
-1
2366
-1
0
1847
-1
2134
4707
2004
3269
-1
-1
-1
5068
4256
