10
85 87 
78 1 794
21 72 493
80 37 363
83 21 60
64 57 541
82 58 737
2 9 568
40 83 531
43 39 68
46 35 803
28 69 70
68 4 457
22 83 230
44 37 920
20 58 199
65 11 371
54 12 92
56 52 874
18 51 997
57 11 926
5 38 337
36 62 730
54 83 125
66 83 546
55 18 435
15 39 751
33 49 277
59 19 585
39 37 755
15 8 61
67 54 740
18 47 587
15 16 796
51 80 379
38 7 98
83 63 493
53 52 302
76 67 442
66 20 445
20 76 730
27 58 98
72 32 676
50 3 568
67 53 354
82 6 307
29 45 625
14 12 733
5 44 20
56 24 709
16 1 150
67 69 619
1 12 452
67 61 380
19 85 229
7 81 194
1 25 765
15 80 988
37 84 492
83 11 860
22 68 552
78 49 276
63 50 122
79 31 30
13 6 794
84 54 144
32 54 530
67 25 444
69 19 539
72 16 905
14 79 689
40 28 918
7 5 744
71 84 491
25 53 726
20 51 506
10 40 787
25 63 543
75 3 508
81 75 349
12 3 829
10 84 747
14 6 423
67 76 606
22 57 731
24 76 321
37 85 627
18 66 709
417
13 54
45 8
43 40
61 2
28 70
85 1
84 47
64 22
37 81
44 50
66 24
40 17
60 82
5 34
19 14
56 31
67 57
80 66
11 55
67 38
82 23
81 37
70 59
58 63
54 58
70 35
82 66
8 13
62 12
4 38
67 16
25 5
72 20
70 82
31 8
76 69
73 71
20 14
1 35
33 55
7 17
46 45
83 53
58 16
21 61
53 45
76 78
49 19
54 76
15 41
40 47
25 27
33 1
40 75
35 30
44 42
46 46
1 43
55 15
59 76
32 68
35 64
17 40
82 70
30 53
68 27
15 7
53 4
49 50
78 84
79 79
82 39
39 39
39 9
54 54
41 85
78 32
64 10
71 17
79 58
70 61
84 84
24 8
44 73
57 36
28 7
71 24
3 25
62 41
75 72
51 30
29 43
61 49
52 3
65 3
60 49
20 58
4 44
66 47
73 79
40 57
1 25
80 3
6 13
85 80
85 50
66 70
49 41
33 16
44 12
60 60
18 79
33 21
79 55
25 66
48 21
37 5
2 73
7 8
1 48
44 42
12 25
26 61
22 58
33 65
26 7
40 43
85 29
21 79
83 2
16 2
22 10
7 23
39 55
72 81
18 31
37 71
12 19
3 33
33 77
55 16
83 51
58 40
36 35
75 75
36 47
76 14
13 39
79 52
51 65
47 68
52 41
10 63
16 55
53 49
46 64
64 44
29 78
40 64
28 29
53 20
32 85
76 45
39 69
11 4
5 14
28 57
54 79
76 70
48 85
75 9
63 10
9 48
2 48
68 71
33 77
48 21
77 38
65 72
63 32
32 67
3 16
80 56
9 71
82 57
27 28
22 5
37 30
9 81
34 77
66 23
68 70
43 16
22 65
2 84
53 75
23 55
5 17
68 56
2 21
69 71
49 5
75 42
76 40
37 66
31 60
45 14
44 44
71 23
23 73
63 76
19 85
2 24
17 69
79 60
5 19
45 53
23 76
9 55
31 3
35 18
62 36
73 62
79 59
84 59
46 62
6 64
18 7
44 76
76 79
51 80
12 52
4 76
85 54
45 72
56 36
4 74
71 77
51 65
50 6
38 52
24 43
72 42
6 31
32 81
66 39
32 78
48 77
25 47
46 70
33 58
20 36
4 48
69 11
69 33
16 21
84 40
20 28
38 25
58 26
63 80
65 9
29 27
1 54
30 3
38 19
17 14
54 20
18 38
30 1
27 3
21 68
42 82
10 79
22 24
19 84
18 40
49 47
23 6
15 9
50 9
27 67
64 81
43 82
75 30
82 16
32 60
40 30
56 49
65 34
72 40
74 5
37 38
8 59
43 22
68 8
72 51
31 50
46 30
46 77
59 43
50 47
17 4
76 29
53 12
63 81
52 51
85 3
3 7
18 3
70 42
52 56
8 39
21 10
68 23
44 42
65 8
45 38
53 78
67 62
4 1
58 12
51 57
56 11
21 74
55 47
72 21
18 36
59 80
46 41
17 46
39 39
53 84
33 62
76 56
39 36
56 11
48 64
24 18
74 1
48 43
48 77
20 22
27 35
16 29
75 74
74 71
69 83
26 17
60 58
72 13
8 85
23 12
63 3
72 51
4 34
50 51
67 26
72 9
60 44
79 49
74 68
76 58
65 16
31 81
73 59
8 38
58 72
49 35
75 35
42 35
26 48
85 7
73 28
57 47
28 51
53 58
75 43
30 54
16 17
7 45
76 14
82 48
43 3
40 74
37 81
23 62
1 22
26 73
6 82
35 33
47 44
47 78
1 77
4 58
50 10
18 40
65 56
45 22
58 84
10 52
36 32
70 36
10 10
66 15
7 57
4 10
15 51
3 57
84 6
30 5
57 4
45 36
59 46
58 74
44 24
40 36
57 94 
47 9 961
22 8 287
55 8 678
29 25 182
45 48 324
2 54 955
49 8 43
51 44 920
57 8 470
45 56 977
17 45 134
9 25 957
14 22 667
36 9 913
48 54 903
57 14 3
21 6 719
34 15 378
50 14 574
42 17 126
39 49 497
4 1 154
33 30 981
13 8 949
17 15 30
27 14 161
18 50 720
31 27 903
47 35 727
12 35 141
33 17 939
17 36 432
25 12 906
13 24 392
10 56 422
19 25 672
1 2 96
44 32 89
4 37 570
49 48 711
54 40 434
9 56 280
21 39 500
21 51 465
13 20 87
35 54 916
13 14 12
57 16 388
12 19 774
18 10 743
2 22 125
17 46 64
11 9 713
32 30 405
19 1 735
20 36 436
5 7 670
6 7 803
38 34 90
49 51 961
9 11 558
9 44 817
22 54 523
17 45 580
37 22 379
19 1 46
54 5 900
4 26 387
26 6 949
25 54 507
50 21 418
39 29 821
16 10 995
34 42 438
24 21 318
15 39 18
15 51 157
6 14 746
3 39 172
48 23 560
30 15 653
39 53 926
33 27 92
40 4 567
34 43 51
50 57 334
8 31 500
44 36 569
47 54 343
15 45 264
35 33 940
35 30 632
7 6 805
3 45 684
139
22 39
57 14
55 14
21 28
5 23
6 25
13 19
42 27
6 25
20 54
21 14
27 29
20 32
22 38
35 18
37 56
15 53
28 12
9 8
39 29
30 4
53 42
22 37
27 43
4 6
39 25
19 24
12 54
14 33
34 49
9 30
6 23
25 50
51 49
57 32
20 29
51 15
30 31
10 15
32 30
20 30
13 38
53 24
34 10
15 27
17 23
15 22
4 55
14 54
46 29
45 8
1 54
38 46
28 6
3 2
35 23
31 47
19 43
29 53
52 43
38 11
24 52
48 28
49 21
24 37
49 27
3 8
24 56
53 51
20 15
11 55
37 1
3 55
43 32
9 53
17 46
22 57
40 12
27 47
48 9
42 56
52 44
6 18
1 18
27 21
32 37
34 11
53 52
24 38
26 49
49 2
37 13
1 36
41 43
41 31
10 26
29 4
12 51
21 29
11 6
8 1
2 57
27 54
51 50
51 20
41 42
37 37
55 53
31 38
38 14
27 6
39 56
10 10
8 46
54 34
52 4
34 53
3 3
8 12
11 1
47 52
43 26
47 40
21 36
20 17
49 46
39 47
3 7
15 26
52 11
2 5
14 35
16 32
37 24
2 48
24 49
1 9
17 6
7 54
83 14 
29 31 978
59 44 465
66 18 108
46 17 741
47 34 588
10 56 794
15 50 621
38 8 372
11 19 535
82 70 568
80 19 68
19 77 434
9 63 133
4 25 524
691
74 59
44 83
34 10
17 3
44 55
10 78
68 29
45 69
18 38
65 39
62 3
33 50
15 12
61 21
39 2
12 29
63 55
29 14
65 45
19 28
19 29
22 3
60 66
72 77
24 56
33 2
62 68
54 79
82 31
16 37
36 28
65 15
2 13
31 66
61 50
13 79
81 38
2 57
23 76
53 46
51 5
48 29
75 21
27 73
55 46
29 10
76 14
27 77
26 58
63 3
27 75
2 24
29 3
83 52
78 55
14 45
60 64
77 51
5 23
44 59
68 72
71 60
5 14
54 31
74 36
36 17
27 37
43 56
42 45
27 36
17 40
1 76
24 80
46 28
19 6
6 7
81 76
69 2
6 39
35 80
77 74
16 21
27 59
79 69
20 22
24 39
64 27
31 4
23 80
34 45
2 39
51 2
34 36
7 40
78 44
39 71
34 57
11 61
35 6
49 58
27 72
13 8
19 47
14 41
43 48
5 47
3 58
49 37
11 58
79 8
18 37
81 55
10 9
35 48
14 83
22 44
74 34
51 12
80 64
53 39
28 60
3 34
35 54
73 48
31 68
55 51
24 55
22 36
63 56
83 80
58 21
40 52
55 7
63 54
73 35
10 21
12 15
54 49
71 43
13 18
30 67
68 56
38 10
8 21
68 8
17 46
28 56
17 2
65 82
56 54
34 68
77 48
82 47
16 69
9 28
6 41
14 73
13 54
2 21
74 70
31 10
32 58
65 48
60 49
46 35
20 82
19 16
49 17
63 64
5 74
8 10
35 24
2 47
78 4
70 68
76 17
78 24
78 62
74 57
28 36
8 50
38 26
65 6
45 47
70 49
38 80
61 75
21 62
38 15
68 28
2 60
47 79
3 41
61 76
14 5
32 21
57 72
49 41
77 10
5 63
58 45
63 38
36 83
20 76
17 4
23 18
67 70
17 72
30 77
65 44
1 16
67 57
4 36
14 83
45 21
63 23
65 45
60 20
44 79
16 60
3 38
77 72
24 10
60 54
6 41
17 6
59 3
65 65
38 82
65 3
19 47
25 4
8 4
26 51
83 41
30 5
79 26
76 22
36 52
78 44
13 11
50 71
17 31
56 54
29 37
59 51
83 83
57 7
4 82
60 6
40 6
13 38
31 5
59 69
59 54
30 71
67 82
62 83
29 37
57 61
73 32
31 75
35 4
81 41
5 60
49 44
65 61
81 15
65 60
4 43
33 33
34 16
31 15
19 62
51 75
42 40
26 75
31 63
78 31
20 83
7 68
46 74
48 47
8 32
26 11
75 58
46 25
73 79
39 8
58 6
2 19
48 31
11 81
10 8
28 33
10 37
20 56
27 68
22 34
19 47
48 10
21 10
37 13
6 78
24 66
3 25
4 50
58 14
47 71
25 77
23 34
30 42
9 59
29 30
10 48
79 60
60 16
69 14
32 77
11 55
62 14
82 66
66 57
82 33
44 23
26 66
60 59
27 68
34 56
18 46
23 16
22 2
35 11
15 66
4 29
37 66
42 35
51 27
8 49
59 54
75 5
39 51
63 66
38 16
41 58
62 66
74 3
67 25
13 2
7 17
30 43
2 74
80 52
17 5
20 76
61 11
83 17
64 65
2 19
80 42
79 61
27 69
64 10
13 76
11 19
12 43
64 16
33 61
70 50
68 7
45 48
17 47
64 81
28 68
19 27
29 14
5 55
83 71
68 15
66 78
34 81
41 17
13 73
80 83
42 67
6 6
32 25
55 15
25 82
83 43
29 31
60 33
3 62
23 70
76 5
67 26
5 24
46 18
17 45
20 61
29 28
70 63
52 41
77 80
40 79
39 71
27 15
20 32
76 45
18 69
52 4
14 57
31 62
74 47
24 13
27 55
40 13
34 11
54 30
7 13
29 49
83 58
66 22
6 62
69 26
47 37
32 63
10 62
45 3
28 68
15 55
39 57
67 75
68 40
21 77
55 49
42 57
26 25
81 31
6 66
59 55
20 8
34 29
72 81
32 17
65 49
71 23
23 57
17 10
17 38
3 71
6 48
45 32
75 45
65 80
28 44
51 47
54 4
78 42
2 26
58 69
78 48
12 17
22 28
26 38
68 31
28 77
81 75
28 72
37 12
68 64
55 38
30 28
42 24
70 46
50 47
31 44
12 45
63 36
73 8
73 60
41 20
53 39
12 80
27 51
9 15
31 66
55 60
11 13
83 83
61 52
46 12
15 57
56 80
12 48
4 1
25 48
24 77
3 38
77 29
5 5
46 38
70 18
14 80
33 16
82 11
71 45
22 5
21 77
5 33
42 11
36 69
58 59
62 60
13 58
9 20
62 54
57 49
71 73
48 24
6 47
34 79
11 55
3 31
51 7
63 12
18 19
80 75
80 62
52 10
36 63
29 15
33 6
66 24
78 33
47 3
82 80
81 9
54 1
43 24
10 25
36 27
43 32
22 40
13 73
52 49
52 83
66 4
5 51
27 83
3 76
2 2
75 3
13 45
6 55
72 15
80 24
42 39
58 66
81 71
58 49
39 29
49 24
32 56
77 62
55 79
54 60
80 49
62 10
13 67
67 1
81 63
24 42
22 82
24 19
72 81
71 30
26 39
53 61
11 49
39 66
44 12
42 44
60 20
56 73
6 39
73 3
19 17
48 43
18 71
61 6
72 51
35 17
6 7
77 17
55 32
2 18
47 46
61 23
65 33
15 73
75 5
75 10
21 42
55 38
33 35
46 21
3 83
37 8
9 31
27 66
65 28
83 28
73 61
54 57
13 68
46 4
72 41
16 12
82 70
52 34
25 17
54 27
19 11
34 27
44 64
9 25
8 12
56 81
75 26
54 4
13 20
11 5
60 29
16 61
19 71
12 43
4 68
69 26
78 22
52 41
2 64
69 10
75 41
10 66
69 66
72 81
5 2
2 67
31 21
45 49
8 59
8 14
46 79
42 44
17 11
1 22
77 69
34 71
29 43
53 17
28 44
15 33
46 19
16 76
39 63
44 49
41 51
66 4
46 24
47 65
37 47
6 30
36 39
17 67
1 72
1 32
33 15
64 81
33 82
76 75
62 36
43 19
3 25
22 51
52 71
35 5
38 41
38 73
82 57
56 3
18 11 
16 9 328
5 15 801
9 7 775
13 11 832
12 10 480
12 10 20
8 7 747
13 8 970
4 3 529
18 2 197
13 17 167
130
1 15
4 9
3 14
2 11
14 13
2 9
4 9
18 9
15 6
3 5
2 4
5 16
2 4
8 14
2 6
1 2
18 3
8 2
16 9
12 9
1 11
17 3
17 14
9 11
2 12
13 1
13 17
16 14
2 3
9 1
8 8
18 7
8 6
6 3
12 15
12 11
5 8
13 1
2 3
11 1
12 6
17 7
2 14
2 2
14 9
2 3
16 18
7 5
5 10
5 16
6 16
6 8
4 18
8 3
1 16
1 10
3 17
16 3
12 16
4 7
6 3
7 1
2 11
3 4
2 7
18 5
3 5
12 6
5 17
6 3
14 6
12 15
4 8
17 13
5 2
17 10
4 3
10 4
13 12
7 14
18 6
16 18
11 7
3 13
5 8
15 16
11 6
12 14
13 8
6 17
9 4
6 11
6 13
14 16
4 18
9 4
6 6
1 14
10 4
8 14
11 2
10 4
7 1
15 18
9 3
16 17
4 2
7 10
14 2
5 18
2 14
1 5
17 1
18 9
4 5
2 13
6 11
16 10
12 10
9 2
12 5
16 16
6 5
5 1
4 9
16 3
2 16
5 1
15 4
9 18
63 78 
3 29 17
34 30 438
53 20 967
8 15 22
5 18 670
52 44 752
32 5 606
60 28 831
51 15 430
5 41 444
4 42 462
22 10 902
60 62 871
61 5 519
39 7 425
31 59 621
24 27 848
17 21 901
8 7 826
44 9 951
6 12 879
59 33 305
14 27 652
51 24 348
35 61 744
39 26 959
21 47 951
6 63 970
19 6 513
45 49 848
46 54 350
23 49 737
9 60 152
57 47 855
44 19 221
38 55 271
26 11 108
37 16 690
7 32 494
44 11 654
26 54 909
18 13 424
43 20 102
31 11 163
40 55 127
45 27 770
13 52 711
26 25 502
36 29 43
53 7 513
51 31 212
41 46 20
12 25 592
43 53 931
58 30 737
23 11 753
43 21 290
8 44 297
51 16 97
59 3 200
12 53 159
18 28 323
35 40 75
8 19 272
55 11 767
25 34 781
24 13 936
9 21 341
16 6 387
50 62 217
26 10 186
29 28 852
15 60 341
24 5 754
22 57 255
49 18 673
19 39 73
9 47 222
390
63 6
26 47
4 13
9 12
48 36
37 50
50 33
26 10
35 19
31 28
20 14
44 54
32 19
35 39
3 37
16 63
40 41
44 41
51 51
52 36
23 25
20 7
56 44
17 27
60 45
53 16
57 33
4 25
51 38
61 51
9 14
48 48
52 27
26 38
14 12
10 34
35 27
40 27
7 54
53 3
34 42
16 27
9 19
49 58
55 47
45 63
60 28
46 46
54 6
20 2
15 27
35 49
54 11
12 58
63 63
61 33
39 11
59 46
28 44
40 19
27 19
16 21
44 59
4 34
1 21
35 14
48 4
62 38
15 9
32 14
6 27
46 42
38 39
24 2
19 63
18 46
17 33
1 60
27 4
29 25
25 61
38 7
2 37
44 14
43 10
25 48
35 5
26 7
43 50
6 61
47 23
41 63
53 42
60 16
43 25
39 2
22 13
8 21
49 51
34 28
59 58
10 28
62 36
34 41
20 39
37 3
59 14
1 46
53 60
60 33
19 35
34 38
47 42
59 31
27 29
56 20
22 3
47 20
36 17
59 55
53 32
57 46
43 57
27 33
51 23
2 4
55 33
42 36
11 35
3 36
61 57
55 19
59 39
37 29
53 30
20 41
61 11
21 38
3 47
7 53
4 6
55 56
37 31
29 47
2 29
17 60
22 9
14 15
45 48
43 32
14 60
9 9
8 28
46 10
9 51
60 13
54 49
3 27
16 31
9 15
60 25
10 16
31 23
31 12
7 8
44 20
5 50
28 10
14 8
19 23
58 13
33 47
62 35
10 12
3 16
25 60
41 34
12 6
56 40
18 60
48 61
16 50
47 41
59 61
48 12
18 41
22 50
24 18
21 31
30 21
45 52
17 20
22 27
25 14
3 42
8 48
37 23
34 21
61 27
16 43
38 31
20 58
17 41
12 35
7 39
56 51
27 7
5 46
33 29
57 34
8 1
18 44
21 50
62 18
13 12
61 49
42 15
41 56
54 52
28 58
26 18
43 50
24 47
33 55
12 26
25 17
27 40
59 47
26 55
63 37
4 60
20 43
9 60
36 62
48 63
54 8
17 33
58 38
16 25
27 26
50 49
42 11
26 35
58 49
27 55
20 28
49 39
7 57
35 42
54 18
41 44
25 55
14 17
28 29
41 54
54 28
38 31
36 63
2 28
46 26
19 3
53 4
39 60
61 11
38 49
28 14
29 50
3 42
4 28
6 44
19 57
6 56
24 42
53 24
6 33
49 25
33 39
28 9
33 23
17 7
8 44
18 37
30 19
13 31
46 16
12 62
10 15
54 31
56 41
52 60
9 36
21 41
11 46
47 41
4 63
45 11
43 63
45 8
16 56
38 61
8 47
60 15
62 48
44 52
24 30
48 32
2 3
7 10
47 54
50 50
53 32
60 31
29 40
36 44
32 8
41 37
55 35
50 51
20 30
39 41
59 22
9 59
24 13
5 7
3 55
56 54
23 51
21 51
27 54
29 56
61 6
29 50
39 15
37 56
42 11
33 36
32 39
31 53
51 33
60 54
24 50
42 44
35 60
29 59
50 57
51 47
61 15
34 36
27 5
28 4
15 60
39 46
35 4
34 20
36 30
8 58
14 49
38 47
45 4
42 29
58 28
11 55
40 42
27 1
46 52
4 59
48 40
39 17
43 9
35 14
36 42
8 50
28 43
33 7
44 9
34 39
36 44
28 10
22 53
11 2
41 14
60 24
52 36
38 29
44 9
42 17
51 47
1 13
27 31
17 7
57 72 
57 20 869
49 29 585
39 18 320
1 24 389
15 12 208
51 11 495
47 5 838
26 25 661
29 39 59
41 13 614
9 28 247
17 35 47
27 16 154
34 33 445
50 6 568
47 56 10
47 46 620
34 30 224
57 18 607
18 1 759
29 25 542
42 41 819
43 11 729
5 44 674
5 52 566
33 42 254
14 47 625
15 24 434
40 23 732
6 57 850
41 28 511
22 28 937
21 14 359
51 18 448
16 22 594
27 54 355
52 26 225
25 40 746
27 39 226
5 44 722
24 44 552
26 8 610
28 44 295
40 53 112
55 27 154
7 53 43
32 7 790
46 47 308
27 32 878
46 36 754
23 18 693
27 43 941
17 14 316
5 12 546
25 9 306
26 31 511
40 5 416
22 10 701
2 36 95
21 24 33
42 46 12
8 31 895
54 47 321
45 10 296
31 51 621
44 35 887
12 17 450
1 54 885
37 15 938
5 35 186
9 35 350
45 1 981
382
13 33
45 57
43 51
30 36
24 33
29 27
44 5
51 3
1 43
55 15
13 3
8 6
27 1
3 14
1 46
24 13
22 27
28 23
36 1
17 2
33 45
45 35
49 54
37 9
40 35
39 52
53 6
1 38
6 19
10 23
24 33
51 45
19 22
26 54
38 42
56 29
45 43
6 37
39 1
4 37
51 42
32 5
6 48
1 12
25 11
50 48
2 43
35 20
7 3
17 3
3 31
31 48
32 52
43 29
12 46
9 5
46 56
26 52
46 26
22 13
52 14
20 54
56 54
32 22
16 7
24 34
37 55
24 27
49 25
56 3
29 23
24 18
37 8
28 41
49 49
53 44
5 31
56 19
28 30
40 2
37 7
51 32
4 34
2 11
1 16
30 30
54 12
6 33
35 33
16 26
24 27
28 44
1 26
5 44
56 45
4 35
10 54
9 29
30 26
39 47
41 27
19 53
54 24
28 31
15 43
57 38
13 27
40 29
53 44
15 10
31 18
3 40
14 27
27 3
53 9
49 52
51 10
48 48
49 18
21 6
20 36
2 48
6 41
19 17
43 33
42 33
9 44
31 38
13 1
40 24
9 31
19 18
56 25
8 6
42 29
27 20
23 28
10 28
27 28
3 13
19 44
45 27
30 34
8 2
34 47
25 1
37 43
19 51
10 26
57 11
13 26
30 36
13 56
22 39
26 41
10 4
27 13
30 16
47 53
17 23
2 41
24 38
43 42
31 11
26 46
37 55
15 26
49 27
24 13
24 8
53 50
11 39
5 57
54 10
52 29
33 53
28 15
49 13
15 39
40 40
27 19
53 57
3 44
42 26
57 9
34 11
17 3
49 21
2 4
47 13
32 38
24 3
52 32
31 9
13 13
7 55
48 19
55 50
5 39
19 4
6 11
31 22
13 22
2 31
42 48
43 16
28 9
18 38
40 49
5 11
20 27
9 10
45 22
19 50
19 37
12 41
6 42
5 34
23 22
7 7
12 49
38 55
17 15
35 15
22 39
26 41
9 50
10 53
30 28
45 48
23 16
31 28
57 52
20 38
16 27
3 44
34 41
41 9
55 19
24 19
16 8
18 40
57 43
36 45
13 39
35 51
54 25
37 13
19 57
9 50
26 12
36 18
11 36
27 8
13 50
42 28
16 18
11 15
4 5
18 32
2 52
26 56
35 21
27 12
20 35
21 4
5 56
22 15
50 7
38 5
56 38
49 14
56 18
44 18
22 4
8 23
14 49
37 8
13 22
19 48
57 55
52 4
54 32
35 5
38 15
10 52
53 17
24 10
34 26
43 14
45 50
52 17
42 32
24 54
12 2
3 11
56 54
31 11
44 8
16 40
38 41
34 33
16 16
1 49
41 43
21 28
36 15
45 36
5 11
48 17
28 50
43 27
6 32
53 49
39 11
48 36
10 24
27 25
56 28
32 39
29 52
10 23
26 13
1 46
39 7
5 10
57 7
52 5
38 47
12 36
17 2
14 42
42 56
10 40
26 41
21 55
52 46
36 20
17 37
24 56
43 45
24 1
51 18
5 47
23 33
41 55
34 13
40 18
12 8
16 37
7 37
50 1
41 29
36 1
24 3
15 25
47 38
26 56
14 46
45 52
37 29
50 14
41 48
47 52
55 6
48 20
1 56
37 57
43 15
16 9
33 30
50 38
10 18
52 23
22 56
34 2
43 42
31 42
32 36
37 45
57 43
7 16
42 87 
28 4 196
13 42 912
31 35 208
8 23 968
26 15 79
8 32 601
10 29 126
23 14 532
35 29 981
9 35 421
34 20 922
33 31 744
32 17 926
39 24 567
21 7 113
33 12 986
34 21 540
11 41 113
18 33 291
34 40 482
26 29 751
22 19 497
15 6 237
42 3 993
6 21 665
26 9 489
35 40 309
26 8 436
31 25 984
23 14 769
4 38 829
5 17 711
35 29 327
38 26 235
22 32 403
10 15 261
10 6 763
29 31 328
4 19 841
7 40 632
10 1 475
40 3 643
1 38 231
11 31 813
21 10 658
7 17 174
1 25 403
35 9 532
35 10 24
15 16 523
10 25 158
41 21 382
1 21 693
32 29 327
2 5 628
3 11 261
16 11 361
33 2 941
38 34 788
17 6 181
34 13 594
7 9 854
24 10 672
35 39 374
33 38 546
41 38 942
21 9 822
23 41 949
33 36 2
10 9 173
42 40 742
15 2 886
6 23 601
13 15 765
8 6 894
5 2 997
12 20 896
26 42 344
42 32 226
6 39 564
16 38 529
37 9 334
27 12 8
23 25 597
14 30 130
41 33 235
22 42 820
965
25 37
40 23
24 19
28 20
4 41
13 26
36 21
7 20
33 9
40 13
27 11
42 4
10 32
24 29
32 19
39 14
13 36
34 36
11 19
13 12
16 23
36 9
2 40
26 34
6 21
4 30
32 1
33 39
33 12
25 20
30 19
31 40
10 23
33 20
39 1
30 12
24 23
20 23
18 1
14 24
22 15
11 9
13 42
3 1
11 25
20 39
1 7
34 8
27 25
28 23
23 13
35 2
33 10
24 8
9 35
31 28
5 42
36 18
39 36
18 5
18 36
41 16
42 33
23 26
13 6
4 35
16 38
37 6
4 18
14 10
9 42
37 13
39 30
30 35
21 6
40 36
39 38
7 38
28 27
19 40
33 22
31 6
16 23
10 17
38 21
26 4
20 20
17 17
5 4
7 25
7 2
16 3
40 22
38 23
6 14
19 36
34 5
42 5
27 7
21 22
27 2
26 4
19 42
18 23
1 25
3 8
24 18
10 21
37 6
42 42
17 16
36 6
20 33
10 2
39 28
23 21
29 4
24 5
1 40
25 2
20 25
9 1
40 16
20 34
19 17
32 34
32 25
39 7
13 5
8 9
32 28
29 19
30 8
21 30
3 2
31 22
26 37
21 24
9 40
13 27
14 2
16 1
24 13
5 36
17 10
42 4
35 26
22 22
34 41
10 36
42 38
14 23
33 34
2 41
29 13
23 40
14 39
40 38
7 2
29 21
9 29
24 1
12 2
23 1
40 30
35 37
25 6
17 15
37 17
11 23
29 32
20 40
26 15
35 32
14 20
10 22
6 31
22 17
32 42
16 27
29 8
21 12
13 38
24 7
10 33
27 38
22 4
35 5
16 26
34 29
3 41
6 6
29 27
20 17
25 35
1 11
42 22
22 10
15 2
14 24
34 40
17 13
41 7
15 14
30 6
40 30
4 3
35 32
28 11
4 10
3 5
20 1
24 40
10 36
41 24
17 32
21 31
42 18
37 14
31 25
19 27
12 22
29 3
9 12
13 13
21 15
15 39
15 38
36 23
29 34
4 1
21 22
31 20
39 23
33 26
5 7
10 15
28 36
15 34
6 27
4 26
39 16
22 10
9 13
32 37
2 33
37 22
12 25
39 9
4 27
32 6
33 41
20 16
32 34
8 37
16 9
19 13
23 38
22 31
9 9
26 8
41 18
30 10
41 24
16 2
7 5
7 39
1 25
11 33
14 16
25 30
22 1
42 2
39 19
33 3
27 14
8 25
31 35
34 27
17 6
28 23
10 33
17 9
15 27
41 28
40 23
15 20
22 12
21 16
30 9
16 12
22 23
36 9
16 26
35 32
31 19
10 38
9 26
2 21
9 42
6 6
21 19
25 42
28 2
13 14
10 28
25 30
8 17
36 23
42 26
10 28
2 19
21 8
1 23
28 9
20 32
12 40
8 35
37 35
36 7
6 1
34 29
30 40
3 23
20 2
5 28
27 6
4 3
12 2
25 39
10 1
28 22
38 33
14 33
26 5
37 29
5 27
15 35
24 17
13 41
16 15
26 40
21 28
41 32
29 21
26 39
21 10
16 17
42 27
5 25
31 41
10 33
25 22
23 6
37 34
5 8
6 30
4 26
13 2
13 42
22 37
36 1
4 9
17 3
33 21
26 19
17 33
9 42
12 32
3 6
23 7
12 28
35 15
10 5
16 20
2 37
14 37
35 15
3 7
18 33
25 41
9 42
31 18
41 40
7 41
2 29
6 13
12 38
27 21
40 40
39 42
32 10
36 25
23 37
31 40
27 14
36 36
11 22
11 7
19 15
5 20
41 8
30 10
3 14
29 41
9 25
40 41
32 31
23 12
25 9
7 8
20 42
41 30
21 7
36 38
21 41
15 17
6 1
26 7
12 10
5 21
34 42
19 22
30 39
33 11
5 40
18 23
37 16
10 14
20 2
9 40
40 21
12 1
21 37
7 33
3 9
11 34
8 27
13 36
23 4
4 25
41 19
5 35
32 13
4 9
14 12
4 11
33 15
11 9
7 16
41 9
24 7
41 30
33 11
23 11
12 24
36 8
40 38
41 29
8 2
35 19
14 38
27 2
8 38
10 14
9 9
21 30
15 19
15 4
27 35
14 39
16 5
2 13
1 42
39 6
2 31
25 13
24 9
14 31
2 23
3 8
29 21
38 42
39 8
3 23
1 16
17 14
21 19
27 21
16 21
24 17
10 4
27 31
11 40
20 12
19 20
18 3
40 11
2 34
18 4
14 18
20 29
32 40
3 14
16 18
34 37
33 41
41 17
28 9
13 5
18 29
24 35
31 19
3 33
10 19
36 23
36 11
7 23
6 9
34 19
25 24
14 15
22 12
29 7
20 39
9 35
25 30
28 14
6 28
2 15
4 37
36 38
4 40
16 9
7 8
28 29
31 41
1 8
8 27
13 25
24 21
17 4
9 42
17 12
28 16
25 29
11 18
22 12
15 38
20 19
3 3
5 33
1 3
40 6
28 10
30 9
29 5
12 35
2 27
4 29
42 28
14 8
1 35
19 14
28 37
32 30
39 35
18 38
35 14
1 20
21 31
28 7
33 38
41 34
20 1
19 17
26 32
25 27
22 41
40 8
35 27
35 30
17 11
25 10
24 25
29 2
11 13
7 1
6 3
33 25
1 9
41 27
38 21
9 15
20 4
22 10
28 13
39 3
21 19
12 2
42 38
1 10
8 5
11 13
6 1
35 6
7 34
32 2
10 38
16 27
41 36
37 27
4 31
29 24
6 38
23 5
33 21
14 39
26 22
7 31
20 42
34 26
31 24
25 40
17 39
25 16
30 17
42 33
3 26
12 8
19 34
12 9
10 24
3 35
3 10
21 21
9 13
4 39
34 27
34 8
21 16
21 8
30 18
38 33
41 5
40 17
38 8
24 5
31 26
38 31
33 14
9 41
24 11
35 13
37 27
19 13
40 39
18 28
13 13
16 11
15 13
28 10
18 9
12 4
32 5
35 23
19 1
19 40
9 12
11 1
36 29
13 31
23 30
14 35
40 29
4 12
40 31
19 15
37 29
19 24
33 9
4 7
7 21
5 16
32 13
16 23
41 27
11 21
14 25
12 10
11 15
21 6
1 38
21 35
24 37
16 12
3 18
19 9
36 21
24 25
33 38
3 29
22 11
5 33
33 16
42 42
28 19
5 26
14 25
18 35
19 32
4 19
5 20
28 40
38 9
20 26
4 20
12 23
30 15
14 21
30 13
18 14
29 22
39 42
3 13
32 19
2 34
38 4
11 23
1 5
29 18
30 31
37 40
11 24
12 22
42 39
35 17
10 21
39 5
19 39
17 6
15 16
39 10
19 6
30 19
10 17
36 37
5 30
34 13
9 3
35 9
42 25
23 7
1 17
11 17
13 25
23 28
40 17
35 16
22 23
32 29
39 23
24 41
8 13
9 17
16 1
23 13
23 3
17 24
20 26
38 30
8 18
15 6
35 8
21 12
30 11
39 24
31 20
22 39
32 28
13 3
27 35
13 7
35 28
28 10
11 24
40 16
39 10
21 29
17 40
41 2
6 37
25 36
12 2
32 41
28 2
42 12
34 10
18 25
37 2
32 3
23 29
19 19
37 39
6 11
34 2
11 39
36 33
33 3
33 20
41 18
20 40
29 9
6 2
33 40
1 23
1 23
7 19
42 1
13 3
10 3
2 18
41 35
8 29
35 38
7 33
11 24
29 37
32 34
39 21
29 37
41 29
18 5
3 15
4 14
17 11
16 16
28 12
8 33
41 42
29 3
30 39
26 16
34 13
5 28
33 34
22 31
18 37
36 21
9 37
32 25
5 5
38 30
16 3
20 12
42 4
12 30
1 35
1 32
6 6
15 38
37 36
25 12
29 16
32 37
10 21
18 12
23 13
41 37
14 16
4 13
20 16
40 18
6 39
7 11
2 21
5 36
12 29
5 40
2 35
35 9
11 8
20 34
20 16
26 31
31 29
42 8
2 39
25 8
35 31
16 34
7 18
27 17
4 30
12 3
22 2
11 32
9 28
21 29
1 4
17 32
33 16
39 32
11 20
37 1
6 9
33 13
26 15
27 30
2 38
30 21
40 39
11 6
24 29
32 23
33 5
12 23
20 6
10 28
25 5
27 29
13 17
41 38
31 23
23 31
18 9
9 15
5 17
21 26
4 10
6 34
14 17
12 32
21 21
15 1
23 41
29 33
15 25
27 2
5 7
32 23
13 38
35 17
13 13
1 14
21 6
3 32
21 14
19 39
34 34
39 13
32 24
3 3
6 29
2 9
34 33
29 4
26 21
21 36
34 19
5 10
22 7
41 42
20 16
38 10
46 51 
20 40 862
32 46 33
3 4 169
26 29 73
39 5 334
27 10 77
31 11 934
21 25 802
24 35 487
22 46 383
44 19 935
7 44 18
31 40 239
30 19 763
28 12 279
13 32 679
37 17 401
10 37 487
6 8 781
30 29 868
43 20 820
43 26 876
42 5 625
38 28 866
17 9 677
39 22 414
25 6 436
15 16 236
24 15 732
20 38 942
16 34 66
17 24 963
22 20 723
15 11 810
26 21 649
2 14 924
3 32 359
15 1 240
16 18 720
25 37 638
11 46 727
10 11 923
40 32 594
17 40 626
26 19 839
38 20 158
25 17 613
18 25 605
19 40 972
35 13 847
2 17 744
972
26 42
2 13
28 33
29 21
23 3
34 33
40 7
44 19
17 40
30 41
31 2
29 38
36 41
30 31
5 16
15 30
11 16
36 32
3 19
1 19
15 34
45 8
34 42
20 45
29 3
33 13
5 15
45 34
3 22
19 7
31 33
30 36
42 20
15 38
32 15
10 46
42 8
1 24
43 21
16 20
23 2
32 21
17 24
9 13
40 21
20 24
1 43
7 36
16 22
28 41
30 31
34 20
33 35
43 29
9 12
2 25
7 28
40 23
45 2
36 38
16 3
10 10
45 16
45 9
37 26
43 21
11 31
40 43
13 30
19 15
35 15
39 41
36 26
12 34
27 41
26 36
37 35
45 35
4 44
37 35
23 34
3 27
12 36
17 24
19 36
38 1
44 24
41 33
4 46
20 24
40 39
14 24
21 6
13 19
3 43
7 20
24 3
40 35
38 11
12 4
40 43
4 37
15 38
17 12
32 30
29 19
23 36
43 43
42 3
9 38
45 9
11 23
11 45
11 2
9 17
5 42
7 2
32 15
34 2
26 19
31 3
31 1
38 27
38 33
29 46
19 28
9 23
44 19
21 8
15 29
18 13
18 19
9 3
33 36
44 7
2 23
9 32
17 46
13 8
27 41
2 39
16 4
15 13
16 36
15 24
12 26
37 30
44 39
26 31
28 18
37 29
40 39
14 4
32 26
6 12
15 7
4 30
4 13
37 19
2 45
37 7
24 27
36 22
19 10
6 46
27 36
28 14
22 35
17 7
15 22
13 23
22 10
46 19
22 36
32 17
34 22
24 12
42 7
27 14
16 26
7 42
15 28
3 30
16 20
36 24
35 42
46 5
6 46
17 21
35 2
38 17
23 9
22 18
15 2
25 31
27 25
20 35
6 23
18 22
36 1
39 18
43 39
16 42
38 33
16 20
34 1
30 5
9 5
16 24
6 35
2 32
13 15
14 19
31 31
34 20
32 26
32 22
12 1
17 43
33 32
11 15
33 40
13 35
39 28
12 38
16 7
24 23
22 31
41 6
16 22
20 41
41 5
16 7
45 32
43 26
11 7
34 37
41 46
26 33
21 31
24 31
38 41
7 7
26 41
6 35
16 25
29 4
23 38
10 22
23 1
41 27
7 28
18 1
27 37
27 41
15 5
25 6
39 25
6 18
19 12
6 28
30 28
32 7
19 35
22 35
35 16
16 42
37 27
36 17
11 17
5 25
15 30
25 7
8 30
19 27
35 18
2 19
46 33
19 12
22 40
1 4
3 10
39 39
30 29
3 40
39 7
18 7
30 36
7 38
14 25
12 2
43 7
14 36
40 32
1 9
19 1
12 15
4 5
1 33
27 43
26 19
4 38
19 27
21 25
18 34
4 23
30 40
30 43
29 17
23 29
19 35
24 30
44 21
28 44
8 2
41 27
20 38
12 32
18 33
11 30
20 8
46 43
1 23
34 29
33 10
5 5
38 22
29 35
43 10
27 4
12 15
24 25
6 36
11 17
22 21
46 35
22 40
32 22
16 13
44 3
22 42
7 7
18 29
36 8
39 10
5 44
24 28
22 23
11 26
39 32
40 33
15 15
26 40
36 35
6 27
31 21
23 32
21 34
14 10
41 6
19 45
43 42
20 19
12 31
38 5
10 32
37 24
46 10
11 30
38 16
10 23
30 26
8 5
13 21
14 7
21 27
45 17
16 13
29 28
43 21
32 6
6 16
24 45
19 34
28 10
44 38
32 27
17 33
31 30
2 39
30 22
19 23
32 34
35 9
9 25
23 34
24 28
43 1
20 15
29 2
19 26
39 4
46 3
31 25
26 32
17 4
7 29
26 32
10 8
40 19
32 16
6 9
37 3
4 11
17 32
12 29
5 44
27 44
46 11
22 20
42 32
23 42
14 2
21 24
3 15
42 34
24 41
36 15
43 39
19 8
18 24
36 16
21 16
14 14
20 29
33 15
15 9
4 28
4 25
45 6
39 40
39 10
35 23
24 25
15 36
32 27
13 16
42 27
25 3
41 45
32 21
7 46
30 11
21 27
35 20
33 21
7 19
30 35
41 2
14 4
37 39
24 44
2 13
24 27
16 12
25 1
33 31
40 10
35 14
36 23
27 16
37 34
35 15
22 23
16 35
20 46
22 37
43 23
4 15
3 19
26 21
13 12
6 6
21 40
13 5
11 40
20 1
27 2
9 2
19 24
31 32
18 6
23 8
28 26
22 31
38 2
45 4
7 4
9 22
38 21
26 42
8 45
36 34
41 45
30 13
16 14
44 33
19 20
35 40
39 10
18 30
5 17
33 6
14 35
27 5
4 6
40 11
44 30
39 32
28 22
44 43
35 36
24 1
9 12
34 42
15 6
25 14
16 6
19 29
40 45
28 37
44 21
42 35
44 34
21 25
9 12
16 37
1 39
31 4
44 18
45 12
17 17
19 26
22 37
3 10
29 30
46 20
44 41
9 42
28 23
20 30
28 29
20 29
15 44
26 12
10 18
18 20
34 36
46 10
27 2
19 3
25 18
23 22
7 25
11 34
41 25
12 22
7 31
44 22
23 17
33 32
34 44
45 22
34 38
31 8
39 43
10 11
14 26
33 14
44 43
2 38
15 13
8 22
37 5
43 7
16 23
32 3
15 31
24 2
22 2
3 9
44 6
19 6
32 45
19 29
36 20
15 4
26 22
25 11
20 15
17 35
32 3
38 46
33 9
41 2
11 37
10 8
42 29
13 21
21 32
44 10
45 12
14 19
33 32
29 46
1 45
29 26
1 20
19 27
22 13
29 32
3 32
34 38
8 46
13 29
25 10
38 24
21 45
36 1
31 18
40 25
16 22
4 11
35 22
31 11
28 7
42 24
33 23
15 40
23 27
22 41
36 8
12 4
6 1
44 30
18 38
2 28
13 5
32 2
20 16
12 41
17 1
18 3
24 27
42 40
7 12
34 37
13 40
34 12
40 32
42 12
23 43
33 35
42 18
30 9
27 35
44 43
36 9
39 7
35 29
46 36
40 27
20 6
20 7
17 8
32 6
13 2
43 45
31 32
10 14
40 36
3 37
27 32
40 13
38 28
41 31
17 34
5 30
33 25
37 44
26 16
3 38
18 45
36 2
30 45
15 18
28 11
2 2
42 41
15 27
17 9
11 27
37 16
11 23
34 41
14 13
10 17
44 27
9 33
28 33
25 37
44 6
1 39
8 43
28 16
23 44
24 28
24 8
37 34
25 18
28 38
24 32
2 21
12 11
7 34
37 25
24 28
30 18
20 31
8 1
46 31
38 18
6 16
25 42
43 3
7 19
35 30
4 36
4 9
40 4
42 30
28 13
5 5
31 19
30 32
19 29
16 11
40 15
20 13
4 16
9 10
34 43
39 31
33 36
40 26
39 29
4 14
36 8
19 20
20 2
45 39
24 15
43 12
23 16
24 27
25 26
36 13
23 23
37 9
12 30
28 45
13 31
6 2
33 18
15 6
19 13
38 37
21 28
42 44
43 13
18 16
38 7
22 14
29 12
16 41
42 38
33 2
16 38
43 2
10 5
2 22
11 33
6 32
15 1
23 5
13 40
14 45
40 35
6 23
1 22
11 42
13 37
37 28
28 33
24 31
31 19
7 41
45 6
20 7
7 42
6 13
29 19
5 17
8 11
39 8
26 43
43 32
27 27
7 8
7 30
33 37
42 39
31 35
44 5
41 44
40 46
5 17
13 9
33 20
13 19
21 38
15 17
23 41
43 30
42 43
7 28
33 43
14 17
31 6
15 19
3 3
19 1
19 31
4 5
44 16
23 18
8 31
28 24
19 18
7 14
14 8
36 46
4 3
10 34
8 25
46 5
27 12
45 39
36 2
43 33
18 13
4 19
43 31
42 15
2 3
22 9
4 11
8 7
8 18
34 15
36 33
13 10
45 12
2 34
13 44
15 24
10 12
42 46
43 38
14 38
34 35
1 37
40 2
37 1
19 24
9 2
4 22
11 42
27 12
30 39
3 38
11 6
3 6
5 39
37 12
31 18
41 25
8 34
20 38
28 33
15 36
34 13
5 39
8 31
44 31
18 1
22 28
46 25
27 45
17 18
4 41
35 44
13 37
25 33
28 6
19 37
36 6
3 40
38 10
19 36
41 36
30 16
17 23
40 43
21 5
8 25
45 43
16 12
27 41
44 8
40 10
44 29
9 46
17 1
4 35
36 44
24 19
7 34
41 41
24 10
45 32
28 37
22 43
2 2
37 39
9 25
2 1
7 11
40 23
5 43
5 40
34 28
6 35
9 40
29 33
43 21
18 24
11 33
21 7
34 5
39 36
29 35
30 36
39 24
6 43
20 11
36 2
32 35
36 41
22 18
27 19
32 38
39 34 
38 36 136
36 23 589
32 16 615
23 4 687
8 37 293
37 35 542
36 31 726
10 23 201
21 3 715
1 16 105
11 3 712
38 39 54
31 32 439
36 3 426
26 10 529
28 35 178
36 21 253
38 30 65
5 12 762
37 1 941
37 11 178
34 10 864
13 29 942
25 15 719
2 29 472
14 18 401
11 3 424
38 2 496
37 34 971
39 20 92
7 18 295
16 12 365
23 13 890
11 38 539
257
28 2
16 30
8 27
1 11
19 27
12 1
14 34
23 13
14 34
19 31
5 34
31 25
7 33
23 6
31 35
33 8
25 37
37 33
24 27
4 3
3 4
32 16
37 4
29 39
26 36
20 30
20 11
4 26
4 26
20 23
10 13
30 24
11 17
17 23
4 9
15 34
1 7
11 26
10 28
25 24
24 5
14 32
16 18
7 8
32 26
20 31
39 10
15 38
15 20
10 7
28 24
2 17
19 12
3 17
39 27
1 12
32 15
33 36
21 39
32 2
26 12
21 25
11 35
12 25
4 21
32 31
34 33
36 13
33 38
30 21
26 19
21 7
33 14
3 3
14 34
33 39
35 14
13 6
10 13
30 2
22 11
33 16
32 18
18 25
17 36
34 3
15 16
9 37
18 39
28 31
22 21
19 17
35 20
22 33
32 2
34 15
12 16
19 5
34 36
18 11
32 13
2 36
17 38
33 34
26 21
15 8
3 33
14 26
14 24
19 34
25 2
9 37
18 28
30 1
13 36
11 34
9 1
30 14
38 12
37 24
32 12
20 23
33 33
9 35
18 16
30 31
7 27
17 24
15 7
13 17
4 12
11 1
12 29
4 38
1 1
22 32
12 30
5 5
13 2
29 19
7 19
10 13
6 27
25 10
22 37
26 14
9 25
15 9
14 18
7 14
7 17
34 18
7 38
11 8
1 39
26 35
18 25
8 13
12 21
22 22
18 36
36 15
21 39
23 34
6 29
8 12
6 2
18 1
29 28
9 18
17 34
13 23
19 20
35 19
29 6
30 7
2 26
10 22
14 32
16 8
10 12
8 15
14 25
15 31
2 23
9 18
7 21
30 14
29 25
33 18
31 12
13 32
26 22
4 39
14 8
35 23
20 3
26 22
16 29
13 17
2 21
24 8
30 3
10 19
27 31
25 7
3 37
39 28
19 31
16 21
38 11
32 18
13 7
28 17
35 29
23 25
10 35
32 28
37 31
7 24
22 31
31 25
17 19
2 24
38 18
33 36
28 25
4 30
20 31
7 5
21 18
29 19
13 11
8 10
2 3
23 12
23 3
36 39
21 27
24 19
5 17
4 21
31 7
11 11
27 7
4 36
24 33
15 37
4 11
35 33
14 18
5 36
20 30
24 1
17 8
8 21
14 12
62 58 
8 54 609
29 16 136
10 45 858
59 11 904
4 23 224
26 10 386
19 47 290
24 19 629
45 14 53
23 38 866
14 45 291
9 10 790
62 17 186
45 13 817
30 15 433
13 38 762
26 55 798
52 16 33
30 58 842
37 19 309
58 30 541
6 38 566
31 37 745
38 17 933
56 46 273
32 58 887
18 20 33
49 9 510
35 38 865
32 10 201
6 3 827
21 8 54
44 38 19
20 12 577
9 5 985
7 35 168
45 52 161
11 36 605
52 7 129
27 38 784
17 42 789
35 62 784
29 41 560
57 61 301
39 5 175
3 11 615
23 54 734
1 62 34
48 52 842
4 14 351
33 28 222
1 2 347
37 27 292
48 21 448
8 57 804
32 58 928
29 18 411
12 16 989
69
61 4
54 2
15 55
33 42
32 31
40 7
5 4
22 52
22 33
59 15
48 27
10 11
53 25
26 62
40 40
29 37
41 20
38 53
12 6
30 42
37 8
48 41
9 7
29 29
37 23
43 22
49 52
30 37
12 53
37 51
28 3
23 4
22 61
56 32
2 24
9 38
29 56
15 35
60 43
1 34
1 43
53 48
30 20
22 41
11 56
28 38
58 50
42 16
46 33
45 48
54 51
21 18
44 33
53 39
11 53
8 12
32 60
59 59
17 18
38 25
10 1
61 3
48 38
18 30
8 60
13 60
48 33
15 27
2 5
